255 255 255 255 255 255 255 255 255 255 255 255 255 255 255 255
255 151 127 127 108 171  87 182 146 151 171 108 127 127 151 255
255 127 165 108 130 127  71 128 220 103 127 130 108 165 127 255
255 127 108  16 127 179 175 189 165  48 130 127  16 108 127 255
255 108 130 127  71 130 175  95 157 187 179  71 127 130 108 255
255 171 189 176 127 233 179 155 104 143 191 179 179 127 171 255
255 165 134 146 127 179 147 102  74  39 159 184  24  99 209 255
255 127 167  42 161 207 186  83  79 144 184 151  99  34 188 255
255 135 115  67 127  41 201 219 107  99 155 125  99  98 188 255
255 229 111  64 106 111 137 199 162 147 131   0  59  63 235 255
255 171 189 176 127 191 127 120 120 107  87 135  75 193 255 255
255 108 130 127  71 176 110  95  65 174 135 183  63 174 187 255
255 127 108  16 127 176 188 189  65 114   5  11 116  65 108 255
255 127 165 108 130 189  87 170 186 143 145  68  90  65 203 255
255 151 127 127 108 171 107 143 143 177 187 215 215  99 165 255
255 255 255 255 255 255 255 255 255 255 255 255 255 255 255 255
255 255 255 255 255 255 255 255 255 255 255 255 255 255 255 255
255 151 127 127 108 171  87 182 146 151 171 108 127 127 151 255
255 127 165 108 130 127  71 128 220 103 127 130 108 165 127 255
255 127 108  16 127 179 175 189 165  48 130 127  16 108 127 255
255 108 130 127  71 130 175  95 157 187 179  71 127 130 108 255
255 171 189 176 127 233 179 155 104 143 191 179 179 127 171 255
255 165 134 146 127 179 147 102  74  39 159 184  24  99 209 255
255 127 167  42 161 207 186  83  79 144 184 151  99  34 188 255
255 135 115  67 127  41 201 219 107  99 155 125  99  98 188 255
255 229 111  64 106 111 137 199 162 147 131   0  59  63 235 255
255 171 189 176 127 191 127 120 120 107  87 135  75 193 255 255
255 108 130 127  71 176 110  95  65 174 135 183  63 174 187 255
255 127 108  16 127 176 188 189  65 114   5  11 116  65 108 255
255 127 165 108 130 189  87 170 186 143 145  68  90  65 203 255
255 151 127 127 108 171 107 143 143 177 187 215 215  99 165 255
255 255 255 255 255 255 255 255 255 255 255 255 255 255 255 255
255 255 255 255 255 255 255 255 255 255 255 255 255 255 255 255
255 151 127 127 108 171  87 182 146 151 171 108 127 127 151 255
255 127 165 108 130 127  71 128 220 103 127 130 108 165 127 255
255 127 108  16 127 179 175 189 165  48 130 127  16 108 127 255
255 108 130 127  71 130 175  95 157 187 179  71 127 130 108 255
255 171 189 176 127 233 179 155 104 143 191 179 179 127 171 255
255 165 134 146 127 179 147 102  74  39 159 184  24  99 209 255
255 127 167  42 161 207 186  83  79 144 184 151  99  34 188 255
255 135 115  67 127  41 201 219 107  99 155 125  99  98 188 255
255 229 111  64 106 111 137 199 162 147 131   0  59  63 235 255
255 171 189 176 127 191 127 120 120 107  87 135  75 193 255 255
255 108 130 127  71 176 110  95  65 174 135 183  63 174 187 255
255 127 108  16 127 176 188 189  65 114   5  11 116  65 108 255
255 127 165 108 130 189  87 170 186 143 145  68  90  65 203 255
255 151 127 127 108 171 107 143 143 177 187 215 215  99 165 255
255 255 255 255 255 255 255 255 255 255 255 255 255 255 255 255

255 255 255 255 255 255 255 255 255 255 255 255 255 255 255 255
255 151 127 127 108 171 209 188 188 235 255 187 108 203 165 255
255 127 165 108 130 127  99  34  98  63 193 174  66  65  99 255
255 127 108  16 127 179  24  99  99  59  75  63 116  90 215 255
255 108 130 127  71 179 184 152 125   0 135 183  11  68 215 255
255 171 127 130 179 191 159 184 155 131  87 135   5 145 187 255
255 151 103  49 187 143  39 144  99 147 107 174 114 143 177 255
255 146 220 165 157 104  74  79 107 162 120  65  65 186 143 255
255 182 128 189  95 155 102  83 219 199 120  95 189 170 143 255
255  87  71 175 175 179 147 186 202 137 127 110 189  87 107 255
255 171 127 179 130 233 179 207  41 111 191 176 176 189 171 255
255 108 130 127  71 127 127 161 127 106 127  71 127 130 108 255
255 127 108  16 127 176 146  42  67  65 176 127  16 108 127 255
255 127 165 108 130 189 135 167 115 111 189 130 108 165 127 255
255 151 127 127 108 171 165 127 135 229 171 108 127 127 151 255
255 255 255 255 255 255 255 255 255 255 255 255 255 255 255 255
255 255 255 255 255 255 255 255 255 255 255 255 255 255 255 255
255 151 127 127 108 171 209 188 188 235 255 187 108 203 165 255
255 127 165 108 130 127  99  34  98  63 193 174  66  65  99 255
255 127 108  16 127 179  24  99  99  59  75  63 116  90 215 255
255 108 130 127  71 179 184 152 125   0 135 183  11  68 215 255
255 171 127 130 179 191 159 184 155 131  87 135   5 145 187 255
255 151 103  49 187 143  39 144  99 147 107 174 114 143 177 255
255 146 220 165 157 104  74  79 107 162 120  65  65 186 143 255
255 182 128 189  95 155 102  83 219 199 120  95 189 170 143 255
255  87  71 175 175 179 147 186 202 137 127 110 189  87 107 255
255 171 127 179 130 233 179 207  41 111 191 176 176 189 171 255
255 108 130 127  71 127 127 161 127 106 127  71 127 130 108 255
255 127 108  16 127 176 146  42  67  65 176 127  16 108 127 255
255 127 165 108 130 189 135 167 115 111 189 130 108 165 127 255
255 151 127 127 108 171 165 127 135 229 171 108 127 127 151 255
255 255 255 255 255 255 255 255 255 255 255 255 255 255 255 255
255 255 255 255 255 255 255 255 255 255 255 255 255 255 255 255
255 151 127 127 108 171 209 188 188 235 255 187 108 203 165 255
255 127 165 108 130 127  99  34  98  63 193 174  66  65  99 255
255 127 108  16 127 179  24  99  99  59  75  63 116  90 215 255
255 108 130 127  71 179 184 152 125   0 135 183  11  68 215 255
255 171 127 130 179 191 159 184 155 131  87 135   5 145 187 255
255 151 103  49 187 143  39 144  99 147 107 174 114 143 177 255
255 146 220 165 157 104  74  79 107 162 120  65  65 186 143 255
255 182 128 189  95 155 102  83 219 199 120  95 189 170 143 255
255  87  71 175 175 179 147 186 202 137 127 110 189  87 107 255
255 171 127 179 130 233 179 207  41 111 191 176 176 189 171 255
255 108 130 127  71 127 127 161 127 106 127  71 127 130 108 255
255 127 108  16 127 176 146  42  67  65 176 127  16 108 127 255
255 127 165 108 130 189 135 167 115 111 189 130 108 165 127 255
255 151 127 127 108 171 165 127 135 229 171 108 127 127 151 255
255 255 255 255 255 255 255 255 255 255 255 255 255 255 255 255

255 255 255 255 255 255 255 255 255 255 255 255 255 255 255 255
255 158  95 207 207 188 165 143 135 103 167 106 127 127 151 255
255 191  67 101  63 145 139 185 167  93 187 133  95 165 127 255
255 106  67 105  15   8 125  66 187 185 169 128  15 120 127 255
255 187 170  67 187 131 178  64  99 105 172  75 127 130 112 255
255 255 190  75 139  83 111 119 121 127 191 127 179 185 175 255
255 231  63  55   0 137 143 163 203 130 114 104  63 116 230 255
255 176  97 103 127 151 103 102 215 197  45 127  63 119 135 255
255 187  39  95 159 187 135  75  79 195 207 155  31 175 127 255
255 203  96  27 191 155  35  75 105 151 175 127 147 132 170 255
255 167 127 179 179 187 140 107 159 179 230 127 179 185 175 255
255 104 130 127  67 183 187 153  99 171 130  75 127 130 112 255
255 127 100  23 127 130  52 168 189 171 175 127   7 115 127 255
255 127 160 112 127 127 108 223 121  70 127 133 103 169 127 255
255 147 127 127 107 171 155 143 181  87 171 109 127 127 155 255
255 255 255 255 255 255 255 255 255 255 255 255 255 255 255 255
255 255 255 255 255 255 255 255 255 255 255 255 255 255 255 255
255 158  95 207 207 188 165 143 135 103 167 106 127 127 151 255
255 191  67 101  63 145 139 185 167  93 187 133  95 165 127 255
255 106  67 105  15   8 125  66 187 185 169 128  15 120 127 255
255 187 170  67 187 131 178  64  99 105 172  75 127 130 112 255
255 255 190  75 139  83 111 119 121 127 191 127 179 185 175 255
255 231  63  55   0 137 143 163 203 130 114 104  63 116 230 255
255 176  97 103 127 151 103 102 215 197  45 127  63 119 135 255
255 187  39  95 159 187 135  75  79 195 207 155  31 175 127 255
255 203  96  27 191 155  35  75 105 151 175 127 147 132 170 255
255 167 127 179 179 187 140 107 159 179 230 127 179 185 175 255
255 104 130 127  67 183 187 153  99 171 130  75 127 130 112 255
255 127 100  23 127 130  52 168 189 171 175 127   7 115 127 255
255 127 160 112 127 127 108 223 121  70 127 133 103 169 127 255
255 147 127 127 107 171 155 143 181  87 171 109 127 127 155 255
255 255 255 255 255 255 255 255 255 255 255 255 255 255 255 255
255 255 255 255 255 255 255 255 255 255 255 255 255 255 255 255
255 158  95 207 207 188 165 143 135 103 167 106 127 127 151 255
255 191  67 101  63 145 139 185 167  93 187 133  95 165 127 255
255 106  67 105  15   8 125  66 187 185 169 128  15 120 127 255
255 187 170  67 187 131 178  64  99 105 172  75 127 130 112 255
255 255 190  75 139  83 111 119 121 127 191 127 179 185 175 255
255 231  63  55   0 137 143 163 203 130 114 104  63 116 230 255
255 176  97 103 127 151 103 102 215 197  45 127  63 119 135 255
255 187  39  95 159 187 135  75  79 195 207 155  31 175 127 255
255 203  96  27 191 155  35  75 105 151 175 127 147 132 170 255
255 167 127 179 179 187 140 107 159 179 230 127 179 185 175 255
255 104 130 127  67 183 187 153  99 171 130  75 127 130 112 255
255 127 100  23 127 130  52 168 189 171 175 127   7 115 127 255
255 127 160 112 127 127 108 223 121  70 127 133 103 169 127 255
255 147 127 127 107 171 155 143 181  87 171 109 127 127 155 255
255 255 255 255 255 255 255 255 255 255 255 255 255 255 255 255

255 255 255 255 255 255 255 255 255 255 255 255 255 255 255 255
255 151 127 127 108 171 229 135 127 165 171 108 127 127 151 255
255 127 165 108 130 189 111 115 167 135 189 130 108 165 127 255
255 127 108  16 127 176  65  67  42 146 176 127  16 108 127 255
255 108 130 127  71 127 106 127 161 127 127  71 127 130 108 255
255 171 189 176 176 191 111  41 207 179 233 130 179 127 171 255
255 107  87 189 110 127 137 202 186 147 179 175 175  71  87 255
255 143 170 189  95 120 199 219  83 102 155  95 189 128 182 255
255 143 186  65  65 120 162 107  79  74 104 157 165 220 146 255
255 177 143 114 174 107 147  99 144  39 143 187  49 103 151 255
255 187 145   5 135  87 131 155 184 159 191 179 130 127 171 255
255 215  68  11 183 135   0 125 152 184 179  71 127 130 108 255
255 215  90 116  63  75  59  99  99  24 179 127  16 108 127 255
255  99  65  66 174 193  63  98  34  99 127 130 108 165 127 255
255 165 203 108 187 255 235 188 188 209 171 108 127 127 151 255
255 255 255 255 255 255 255 255 255 255 255 255 255 255 255 255
255 255 255 255 255 255 255 255 255 255 255 255 255 255 255 255
255 151 127 127 108 171 229 135 127 165 171 108 127 127 151 255
255 127 165 108 130 189 111 115 167 135 189 130 108 165 127 255
255 127 108  16 127 176  65  67  42 146 176 127  16 108 127 255
255 108 130 127  71 127 106 127 161 127 127  71 127 130 108 255
255 171 189 176 176 191 111  41 207 179 233 130 179 127 171 255
255 107  87 189 110 127 137 202 186 147 179 175 175  71  87 255
255 143 170 189  95 120 199 219  83 102 155  95 189 128 182 255
255 143 186  65  65 120 162 107  79  74 104 157 165 220 146 255
255 177 143 114 174 107 147  99 144  39 143 187  49 103 151 255
255 187 145   5 135  87 131 155 184 159 191 179 130 127 171 255
255 215  68  11 183 135   0 125 152 184 179  71 127 130 108 255
255 215  90 116  63  75  59  99  99  24 179 127  16 108 127 255
255  99  65  66 174 193  63  98  34  99 127 130 108 165 127 255
255 165 203 108 187 255 235 188 188 209 171 108 127 127 151 255
255 255 255 255 255 255 255 255 255 255 255 255 255 255 255 255
255 255 255 255 255 255 255 255 255 255 255 255 255 255 255 255
255 151 127 127 108 171 229 135 127 165 171 108 127 127 151 255
255 127 165 108 130 189 111 115 167 135 189 130 108 165 127 255
255 127 108  16 127 176  65  67  42 146 176 127  16 108 127 255
255 108 130 127  71 127 106 127 161 127 127  71 127 130 108 255
255 171 189 176 176 191 111  41 207 179 233 130 179 127 171 255
255 107  87 189 110 127 137 202 186 147 179 175 175  71  87 255
255 143 170 189  95 120 199 219  83 102 155  95 189 128 182 255
255 143 186  65  65 120 162 107  79  74 104 157 165 220 146 255
255 177 143 114 174 107 147  99 144  39 143 187  49 103 151 255
255 187 145   5 135  87 131 155 184 159 191 179 130 127 171 255
255 215  68  11 183 135   0 125 152 184 179  71 127 130 108 255
255 215  90 116  63  75  59  99  99  24 179 127  16 108 127 255
255  99  65  66 174 193  63  98  34  99 127 130 108 165 127 255
255 165 203 108 187 255 235 188 188 209 171 108 127 127 151 255
255 255 255 255 255 255 255 255 255 255 255 255 255 255 255 255
